gi_48994873_gb_U00096.2_
57468 58979
95792 103814
219331 229004
320751 323138
407644 408042
476708 478283
574552 575323
695466 703003
728806 732520
813193 818550
836284 837905
865213 870480
898763 963493
1023637 1034393
1135984 1140227
1257744 1269709
1285887 1285936
1346668 1348528
1448141 1456038
1480217 1504466
1668651 1669225
1703631 1713624
1944780 1959246
2152032 2157677
2225272 2249315
2275636 2277105
2309151 2335737
2402348 2426788
2724088 2728422
2771938 2773518
2866187 2875965
2933273 2936343
2968152 2971029
3006320 3045905
3092018 3100096
3195381 3230098
3322752 3324852
3326454 3335653
3414426 3415451
3416433 3436617
3467371 3468210
3617211 3620890
3763869 3763920
3833396 3842116
3853309 3856734
3898219 3899768
3939503 3944845
3975591 3978863
3981150 3983546
4060955 4065386
4097038 4098480
4124259 4127738
4164328 4169785
4206025 4211184
4259104 4260000
4276593 4317122
4352532 4356267
4494309 4494407
4551783 4552755
4608336 4637753
